<?xml version="1.0" encoding="UTF-8"?>
<document version="2.0.0">
  <chunk label="Chunk 1" enabled="true">
    <sensors next_id="1">
      <sensor id="0" label="unknown" type="frame">
        <resolution width="1920" height="1080"/>
        <property name="layer_index" value="0"/>
        <bands>
          <band label="Red"/>
          <band label="Green"/>
          <band label="Blue"/>
        </bands>
        <data_type>uint8</data_type>
        <calibration type="frame" class="adjusted">
          <resolution width="1920" height="1080"/>
          <f>1658.5404555376736</f>
          <cx>0.66374072079057678</cx>
          <cy>-11.513546135775556</cy>
          <k1>0.11499394484013217</k1>
          <k2>-0.26737144655739437</k2>
          <k3>0.21255154156917347</k3>
          <p1>-0.00089386055202055753</p1>
          <p2>0.00081384791981816177</p2>
        </calibration>
        <covariance>
          <params>f cx cy k1 k2 k3 p1 p2</params>
          <coeffs>2.1345621013000322 -0.23241721055551387 -1.7362788731118868 0.00030510679061982929 -0.00096146964607782769 0.001305748333175433 -2.3201489230830699e-05 -8.1608888325099412e-06 -0.23241721055551387 0.17879583173858773 0.18066316752825742 3.5221510004053035e-05 -0.00021614089690886004 0.00028708737871406022 2.4285016813046532e-05 6.4115528909219923e-07 -1.7362788731118868 0.18066316752825742 1.6000657043470901 -0.00051278084891851644 0.0017199675575802537 -0.0022001346460180128 8.942330996635484e-06 3.6275420573435874e-05 0.00030510679061982929 3.5221510004053035e-05 -0.00051278084891851644 2.5570855176924333e-06 -1.0889894545405176e-05 1.5376493303580601e-05 -1.0779290950331054e-10 -4.574554861915429e-08 -0.00096146964607782769 -0.00021614089690886004 0.0017199675575802537 -1.0889894545405176e-05 5.152166140302396e-05 -7.6295661961578516e-05 -3.0187170764771819e-08 9.9827063752389762e-08 0.001305748333175433 0.00028708737871406022 -0.0022001346460180128 1.5376493303580601e-05 -7.6295661961578516e-05 0.00011709248811981755 3.428102068733916e-08 -1.4412229264844599e-07 -2.3201489230830699e-05 2.4285016813046532e-05 8.942330996635484e-06 -1.0779290950331054e-10 -3.0187170764771819e-08 3.428102068733916e-08 9.1874241708218369e-09 -7.4544071543684105e-10 -8.1608888325099412e-06 6.4115528909219923e-07 3.6275420573435874e-05 -4.574554861915429e-08 9.9827063752389762e-08 -1.4412229264844599e-07 -7.4544071543684105e-10 2.2503350224835931e-08</coeffs>
        </covariance>
      </sensor>
    </sensors>
    <components next_id="1" active_id="0">
      <component id="0" label="Component 1">
        <region>
          <center>0.10972333438174037 0.70991400183085496 -8.5364921691908133</center>
          <size>20.137095769246422 16.676929696400961 5.479080994923911</size>
          <R>-0.75923176069852272 -0.51195001254907924 0.4018386718542889 0.64818093451050329 -0.53925623164907577 0.5376469034270811 -0.058554331041454397 0.66866277096802385 0.74125669577930431</R>
        </region>
        <partition>
          <camera_ids>0 1 2 3 4 5 6 7 8 9 10 11 12 13 14 15 16 17 18 19 20 21 22 23 24 25 26 27 28 29 30 31 32 33 34 35 36 37 38 39 40 41 42 43 44 45 46 47 48 49 50 51 52 53 54 55 56 57 58 59 60 61 62 63 64 65 66 67 68 69 70 71 72 73 74 75 76 77 78 79</camera_ids>
        </partition>
      </component>
    </components>
    <cameras next_id="80" next_group_id="0">
      <camera id="0" sensor_id="0" component_id="0" label="IMG_1448">
        <transform>0.71360816525824311 -0.47844449145344314 0.51171696774156328 -3.6867373010705919 -0.55415593221868753 -0.8323948375512229 -0.0054806208508098031 0.54501843357438118 0.42857273509125793 -0.2796599775011237 -0.85913660597164021 -1.543497220296917 0 0 0 1</transform>
        <orientation>1</orientation>
      </camera>
      <camera id="1" sensor_id="0" component_id="0" label="IMG_1448 [2]">
        <transform>0.71453277716417807 -0.47768497942873211 0.51113596115536541 -3.6832094928332464 -0.55332189408742805 -0.8329528961893421 -0.0049350028661135914 0.54499068364446757 0.42810955593346472 -0.27929649685944746 -0.85948570375573574 -1.5405970567991625 0 0 0 1</transform>
        <rotation_covariance>3.6616841929167505e-09 4.3209736079749828e-11 -4.9557107665464899e-10 4.3209736079750106e-11 3.1166542246491159e-09 -8.6335601716542126e-10 -4.9557107665464919e-10 -8.6335601716542126e-10 1.495510418358264e-09</rotation_covariance>
        <location_covariance>2.2652535511686608e-07 -4.0923714195656251e-08 8.7980247523345918e-08 -4.0923714195656251e-08 3.002475812174797e-07 7.2226893499010533e-08 8.7980247523345918e-08 7.2226893499010533e-08 1.7558831478511343e-07</location_covariance>
        <orientation>1</orientation>
      </camera>
      <camera id="2" sensor_id="0" component_id="0" label="IMG_1448 [3]">
        <transform>0.71843041110148576 -0.47459355519154756 0.50854567324400424 -3.6570593656444723 -0.55003583947486412 -0.83513778093497415 -0.0023371239138658684 0.549304055460616 0.42581488900428499 -0.27803928539984202 -0.86103184382263909 -1.5374396339495187 0 0 0 1</transform>
        <rotation_covariance>3.8971410963889864e-09 1.4561547928565146e-10 -5.6933854582114349e-10 1.4561547928565177e-10 3.4026055972008758e-09 -9.3117377069218054e-10 -5.693385458211437e-10 -9.3117377069218065e-10 1.6184866896460159e-09</rotation_covariance>
        <location_covariance>2.5436487603698301e-07 -4.7736030811738422e-08 9.4942776474165312e-08 -4.7736030811738422e-08 3.1730750832566917e-07 7.9808342996059466e-08 9.4942776474165312e-08 7.9808342996059466e-08 1.9300692732972936e-07</location_covariance>
        <orientation>1</orientation>
      </camera>
      <camera id="3" sensor_id="0" component_id="0" label="IMG_1448 [4]">
        <transform>0.72464583457948184 -0.4690909253700698 0.50481889639954836 -3.6333542971942201 -0.54422085652987318 -0.83894038448925612 0.0016403020789606537 0.54612511760025961 0.4227435082227729 -0.27592161025999795 -0.86322372027593908 -1.5129495918145246 0 0 0 1</transform>
        <rotation_covariance>4.1354402085704911e-09 -1.3100661769957017e-10 -4.9888699416904173e-10 -1.3100661769956996e-10 3.7753466832251655e-09 -9.700610914718719e-10 -4.9888699416904173e-10 -9.700610914718719e-10 1.6001356212725367e-09</rotation_covariance>
        <location_covariance>2.6909163833193341e-07 -7.6690437943968156e-08 8.9642061357729237e-08 -7.6690437943968156e-08 3.6922224267334207e-07 8.5359112418871278e-08 8.9642061357729237e-08 8.5359112418871278e-08 1.9350594734913349e-07</location_covariance>
        <orientation>1</orientation>
      </camera>
      <camera id="4" sensor_id="0" component_id="0" label="IMG_1448 [5]">
        <transform>0.73185254771077113 -0.46285825619414289 0.50015405934788859 -3.5936164209866854 -0.53754959666140123 -0.84320904777154615 0.0062396222135054913 0.53821762288839414 0.41884636746475334 -0.27342409628472653 -0.86591395879294031 -1.4816564712878044 0 0 0 1</transform>
        <rotation_covariance>4.0019649748816048e-09 -1.296244965004689e-10 -3.9427990803149669e-10 -1.2962449650046893e-10 3.8418590293456958e-09 -1.0519151648697849e-09 -3.9427990803149659e-10 -1.0519151648697849e-09 1.6207809191824838e-09</rotation_covariance>
        <location_covariance>2.6041801218716118e-07 -7.6793008609789243e-08 8.761670299040369e-08 -7.6793008609789243e-08 3.5988760573899159e-07 7.9169989014623719e-08 8.761670299040369e-08 7.9169989014623719e-08 1.9100297886985146e-07</location_covariance>
        <orientation>1</orientation>
      </camera>
      <camera id="5" sensor_id="0" component_id="0" label="IMG_1448 [6]">
        <transform>0.74004644548723553 -0.45598543893303617 0.49437691896239955 -3.5304735754645451 -0.52989038819054246 -0.8479939431548511 0.011065662021041367 0.53160991612448305 0.41418285216192219 -0.2701546813470645 -0.86917720467191351 -1.4544170895972461 0 0 0 1</transform>
        <rotation_covariance>4.1449897482163166e-09 -3.5956503964446171e-11 -4.4292931819525022e-10 -3.595650396444608e-11 4.0905516183197016e-09 -1.2713783271254154e-09 -4.4292931819525011e-10 -1.2713783271254157e-09 1.8720493707110898e-09</rotation_covariance>
        <location_covariance>2.6756062305738847e-07 -7.3213787346130119e-08 8.8647561602428543e-08 -7.3213787346130119e-08 3.6948488203939722e-07 8.444056865911386e-08 8.8647561602428543e-08 8.444056865911386e-08 2.0038925876294774e-07</location_covariance>
        <orientation>1</orientation>
      </camera>
      <camera id="6" sensor_id="0" component_id="0" label="IMG_1448 [7]">
        <transform>0.74878583734299586 -0.44816703371303218 0.48832988817745987 -3.4559948020048887 -0.52114606413029474 -0.85331810988326684 0.015968192970774897 0.51377290616494942 0.40954431950162756 -0.26644795596534632 -0.87251300112138019 -1.4365293909356407 0 0 0 1</transform>
        <rotation_covariance>3.9198879634680269e-09 1.425314539202557e-10 -4.0767924651764774e-10 1.4253145392025524e-10 4.3456794493341577e-09 -1.5180162949472288e-09 -4.0767924651764764e-10 -1.5180162949472288e-09 2.0533391022614406e-09</rotation_covariance>
        <location_covariance>2.6599875076296037e-07 -6.6832106019557011e-08 8.7951310774729557e-08 -6.6832106019557011e-08 3.443581909208805e-07 7.6258132695474781e-08 8.7951310774729557e-08 7.6258132695474781e-08 1.9583058173945033e-07</location_covariance>
        <orientation>1</orientation>
      </camera>
      <camera id="7" sensor_id="0" component_id="0" label="IMG_1448 [8]">
        <transform>0.75853024494185239 -0.43937083547621675 0.48123293366246678 -3.3810764816075487 -0.51123299636321695 -0.85917618778754767 0.021379938455082514 0.49502076650597909 0.40407015596049645 -0.26223948457809959 -0.8763319929058121 -1.402060458911822 0 0 0 1</transform>
        <rotation_covariance>4.0141260077424925e-09 2.2676688492880727e-10 -3.9944515020144992e-10 2.2676688492880758e-10 5.0882550306480807e-09 -1.967957765846524e-09 -3.994451502014495e-10 -1.9679577658465244e-09 2.4398633017056838e-09</rotation_covariance>
        <location_covariance>2.8741002149980595e-07 -7.3664679372041731e-08 9.0384395415290779e-08 -7.3664679372041731e-08 3.5825088660380739e-07 7.2421457441009902e-08 9.0384395415290779e-08 7.2421457441009902e-08 2.0258954492805054e-07</location_covariance>
        <orientation>1</orientation>
      </camera>
      <camera id="8" sensor_id="0" component_id="0" label="IMG_1448 [9]">
        <transform>0.76891626232161725 -0.42993303804285221 0.47320752776831121 -3.3093495704103191 -0.50018587067346121 -0.86551588584333305 0.026388371140749822 0.47741267483477207 0.39822340001057854 -0.25698216699233006 -0.88055567088738951 -1.3605051426115973 0 0 0 1</transform>
        <rotation_covariance>4.1116595858896021e-09 2.5524147467705628e-10 -3.9109125266640008e-10 2.5524147467705617e-10 5.9778354917864608e-09 -2.6123140152359246e-09 -3.9109125266639967e-10 -2.6123140152359237e-09 2.9944534762456984e-09</rotation_covariance>
        <location_covariance>2.9984736793597009e-07 -8.2234812909920327e-08 8.9688066649008652e-08 -8.2234812909920327e-08 3.7411134597701689e-07 6.8975488741882308e-08 8.9688066649008652e-08 6.8975488741882308e-08 2.084305247633928e-07</location_covariance>
        <orientation>1</orientation>
      </camera>
      <camera id="9" sensor_id="0" component_id="0" label="IMG_1448 [10]">
        <transform>0.78028050688322537 -0.41969191927924054 0.4637035944110896 -3.2378092644991439 -0.48786612890090109 -0.8723541382108384 0.031383081710934402 0.44260801844460584 0.39134252369159495 -0.25071288446773737 -0.88543440113458471 -1.3070490072723111 0 0 0 1</transform>
        <rotation_covariance>4.3464735642738535e-09 2.662712826987615e-10 -4.0502810827816385e-10 2.6627128269876088e-10 7.2646697445194741e-09 -3.5074572506308714e-09 -4.0502810827816426e-10 -3.5074572506308705e-09 3.8097628883909589e-09</rotation_covariance>
        <location_covariance>3.1879993222746132e-07 -9.7502849292856246e-08 9.2891837229055113e-08 -9.7502849292856246e-08 3.9699518542429106e-07 6.925951167240473e-08 9.2891837229055113e-08 6.925951167240473e-08 2.2441076402067772e-07</location_covariance>
        <orientation>1</orientation>
      </camera>
      <camera id="10" sensor_id="0" component_id="0" label="IMG_1448 [11]">
        <transform>0.79264942584113829 -0.40843086543390694 0.45264899853487411 -3.1475703980116481 -0.47423998371623616 -0.87962788863296204 0.036758881701451473 0.39400290960054574 0.38314922100734966 -0.24380116016956704 -0.89093078785135382 -1.2450948837773901 0 0 0 1</transform>
        <rotation_covariance>4.9270904388275783e-09 1.4817803913199436e-10 -3.7181724672229829e-10 1.4817803913199529e-10 9.1007476498705228e-09 -4.739551504488377e-09 -3.7181724672229787e-10 -4.739551504488377e-09 4.9558514662355086e-09</rotation_covariance>
        <location_covariance>3.5030608211582243e-07 -1.2291863207283716e-07 9.5725428024559253e-08 -1.2291863207283716e-07 4.4829190211377184e-07 7.6925402185779231e-08 9.5725428024559253e-08 7.6925402185779231e-08 2.5116708909806801e-07</location_covariance>
        <orientation>1</orientation>
      </camera>
      <camera id="11" sensor_id="0" component_id="0" label="IMG_1448 [12]">
        <transform>0.80621662885448631 -0.39643540011399819 0.43915113673422462 -3.0360663339486909 -0.45934788882977584 -0.8872462970541668 0.042350034135720943 0.33779047419761349 0.37284616718713304 -0.23586644928883554 -0.89741448267438895 -1.1754251008358503 0 0 0 1</transform>
        <rotation_covariance>5.2252398724486842e-09 1.5330329657598883e-10 -3.76328921175397e-10 1.5330329657598666e-10 1.1325673534891307e-08 -6.4179661859434998e-09 -3.76328921175397e-10 -6.4179661859435006e-09 6.5893726757505163e-09</rotation_covariance>
        <location_covariance>3.8490357898964044e-07 -1.4880690634492621e-07 9.7300102709980161e-08 -1.4880690634492621e-07 4.753228387122191e-07 8.6845695669958196e-08 9.7300102709980161e-08 8.6845695669958196e-08 2.8011100360811351e-07</location_covariance>
        <orientation>1</orientation>
      </camera>
      <camera id="12" sensor_id="0" component_id="0" label="IMG_1448 [13]">
        <transform>0.81979111460121823 -0.3834544351430576 0.42532954822115254 -2.9148369086062034 -0.44318212661810763 -0.8951910604013027 0.047144119716494737 0.2864034989310375 0.36267358749589529 -0.22714678414344835 -0.90380982921527631 -1.0733198187664565 0 0 0 1</transform>
        <rotation_covariance>5.6834765995938254e-09 1.3411438884609678e-10 -3.4772441433618325e-10 1.3411438884609812e-10 1.4213446916217228e-08 -8.5263915609543641e-09 -3.4772441433618387e-10 -8.5263915609543657e-09 8.5171129415935982e-09</rotation_covariance>
        <location_covariance>4.2943046882080558e-07 -1.771770563056293e-07 9.6452250639864374e-08 -1.771770563056293e-07 5.0318080743382343e-07 1.0085197798193281e-07 9.6452250639864374e-08 1.0085197798193281e-07 3.1189548967578197e-07</location_covariance>
        <orientation>1</orientation>
      </camera>
      <camera id="13" sensor_id="0" component_id="0" label="IMG_1448 [14]">
        <transform>0.83399337497607462 -0.36936169953241133 0.40991094815160256 -2.7705817101727703 -0.4255546828790725 -0.90345232680486376 0.051740748647168433 0.2110515199919108 0.35122394903495591 -0.21759096513735598 -0.91065685607416602 -0.97144995774458576 0 0 0 1</transform>
        <rotation_covariance>6.4869175801755775e-09 -1.2988692186520417e-10 -2.5329769434448223e-10 -1.2988692186520562e-10 1.805248520753872e-08 -1.1265514305160079e-08 -2.5329769434448264e-10 -1.1265514305160079e-08 1.0966416770383279e-08</rotation_covariance>
        <location_covariance>4.9293046725795166e-07 -2.1951941617000147e-07 9.3539305684602266e-08 -2.1951941617000147e-07 5.6033988554517074e-07 1.2354423357964903e-07 9.3539305684602266e-08 1.2354423357964903e-07 3.5408724896151378e-07</location_covariance>
        <orientation>1</orientation>
      </camera>
      <camera id="14" sensor_id="0" component_id="0" label="IMG_1448 [15]">
        <transform>0.84778609189825982 -0.3545560371855464 0.39439670241922165 -2.5872975658717627 -0.40699315820474585 -0.91176147989179146 0.055204827325675998 0.12142696355759748 0.34002251625208785 -0.20731864431549002 -0.91728058311554062 -0.88210634452235614 0 0 0 1</transform>
        <rotation_covariance>6.8132004973548978e-09 -3.8941752014756933e-10 2.0700486289185935e-11 -3.894175201475684e-10 2.2238415397698767e-08 -1.4362091636971914e-08 2.0700486289186348e-11 -1.4362091636971914e-08 1.349274628313533e-08</rotation_covariance>
        <location_covariance>5.3064992580701265e-07 -2.4778959391087856e-07 7.9753779765884074e-08 -2.4778959391087856e-07 5.6916861948361344e-07 1.408372740361052e-07 7.9753779765884074e-08 1.408372740361052e-07 3.8100858287391824e-07</location_covariance>
        <orientation>1</orientation>
      </camera>
      <camera id="15" sensor_id="0" component_id="0" label="IMG_1448 [16]">
        <transform>0.86089944126276385 -0.33870220163313031 0.37964848299753751 -2.3938671202123247 -0.38740027154743584 -0.92011020677222577 0.057604140463545839 0.013380869000357235 0.32980779499343926 -0.19666729774530672 -0.92333568779676467 -0.80454506987367336 0 0 0 1</transform>
        <rotation_covariance>7.3836709859976656e-09 -8.0611261103254502e-10 4.1370550783399186e-10 -8.0611261103254688e-10 2.7180947817017699e-08 -1.7824668551018384e-08 4.1370550783399269e-10 -1.7824668551018384e-08 1.6183017619629696e-08</rotation_covariance>
        <location_covariance>5.6148705158749134e-07 -2.694420272696783e-07 6.1017334515408527e-08 -2.694420272696783e-07 5.9370511911753224e-07 1.6607170144388725e-07 6.1017334515408527e-08 1.6607170144388725e-07 4.2306477851743983e-07</location_covariance>
        <orientation>1</orientation>
      </camera>
      <camera id="16" sensor_id="0" component_id="0" label="IMG_1448 [17]">
        <transform>0.87377400393533766 -0.32206748545626351 0.36440571463506061 -2.2077307870542029 -0.36709402874876679 -0.92825896766624494 0.059810224913449395 -0.093284739306125214 0.31899994373637314 -0.1860317815833557 -0.92931760563174182 -0.73670876157168697 0 0 0 1</transform>
        <rotation_covariance>8.2896712667221596e-09 -1.6346975572672269e-09 1.0395302997076346e-09 -1.6346975572672248e-09 3.2893318995504605e-08 -2.1771134298305138e-08 1.0395302997076344e-09 -2.1771134298305142e-08 1.9226803082712067e-08</rotation_covariance>
        <location_covariance>5.9876437788788454e-07 -3.0155442965675591e-07 4.1927161021858046e-08 -3.0155442965675591e-07 6.4550432172575785e-07 1.9131473641195186e-07 4.1927161021858046e-08 1.9131473641195186e-07 4.7688867541760518e-07</location_covariance>
        <orientation>1</orientation>
      </camera>
      <camera id="17" sensor_id="0" component_id="0" label="IMG_1448 [18]">
        <transform>0.88647795380414962 -0.30485411934985612 0.34816778043729357 -2.0356606030231279 -0.34598947160752747 -0.93624276628281089 0.061161819134597978 -0.17590856576691105 0.30732413337704501 -0.17468099066164253 -0.93543488738955827 -0.66799615244888055 0 0 0 1</transform>
        <rotation_covariance>9.3525831663901683e-09 -2.8347936521887267e-09 1.9425966957530679e-09 -2.8347936521887296e-09 3.9260695576013998e-08 -2.6141531365834585e-08 1.9425966957530687e-09 -2.6141531365834588e-08 2.2594740534391718e-08</rotation_covariance>
        <location_covariance>6.3734828197739188e-07 -3.3920844409588783e-07 2.4983212204522985e-08 -3.3920844409588783e-07 7.0417212865485375e-07 2.1343931748366131e-07 2.4983212204522985e-08 2.1343931748366131e-07 5.3994515708700227e-07</location_covariance>
        <orientation>1</orientation>
      </camera>
      <camera id="18" sensor_id="0" component_id="0" label="IMG_1448 [19]">
        <transform>0.89909510054571173 -0.28707748081523837 0.33047620214392626 -1.8773946953669218 -0.3238711187842187 -0.94413419007967037 0.060976467100544801 -0.25053518622199866 0.29450891088752368 -0.16185534013859959 -0.94184252944771141 -0.59883759641086687 0 0 0 1</transform>
        <rotation_covariance>1.0954577656466588e-08 -4.6207458539606009e-09 3.1205490453198688e-09 -4.620745853960605e-09 4.6904201640179166e-08 -3.1165765446878844e-08 3.120549045319868e-09 -3.1165765446878844e-08 2.6509909939881666e-08</rotation_covariance>
        <location_covariance>7.0678415352850945e-07 -3.9895784816584254e-07 1.3431169196221992e-08 -3.9895784816584254e-07 8.0922150516665214e-07 2.3457151992714365e-07 1.3431169196221992e-08 2.3457151992714365e-07 6.3204530124941737e-07</location_covariance>
        <orientation>1</orientation>
      </camera>
      <camera id="19" sensor_id="0" component_id="0" label="IMG_1448 [20]">
        <transform>0.91154943625309359 -0.26918788724075349 0.31083035023872141 -1.74285793288424 -0.30092588705117856 -0.95187270742438335 0.058154616007978416 -0.31082362733066188 0.28021640881491611 -0.14654770630560379 -0.94868463358875943 -0.52591455017362709 0 0 0 1</transform>
        <rotation_covariance>1.1765421566559154e-08 -5.8765755327628156e-09 4.0954021019667241e-09 -5.8765755327628198e-09 5.4156769768688159e-08 -3.6344575526648445e-08 4.0954021019667232e-09 -3.6344575526648451e-08 3.0426689142955678e-08</rotation_covariance>
        <location_covariance>7.274743445767023e-07 -3.8838043596802449e-07 -1.9979254246473788e-08 -3.8838043596802449e-07 8.2062516358310356e-07 2.3748013084443057e-07 -1.9979254246473788e-08 2.3748013084443057e-07 6.862709324109049e-07</location_covariance>
        <orientation>1</orientation>
      </camera>
      <camera id="20" sensor_id="0" component_id="0" label="IMG_1448 [21]">
        <transform>0.92346948352042824 -0.24991004593139965 0.29111695579110469 -1.6224336132630388 -0.27739438239209374 -0.95908696209523803 0.056608795749750099 -0.34608157571631282 0.26505936999816282 -0.13303070352927454 -0.95501118438198607 -0.45057999459058967 0 0 0 1</transform>
        <rotation_covariance>1.2979981274888522e-08 -7.5241464571049202e-09 5.3109080988181542e-09 -7.5241464571049202e-09 6.1761588287583258e-08 -4.2027684463920173e-08 5.310908098818155e-09 -4.2027684463920166e-08 3.489504238245801e-08</rotation_covariance>
        <location_covariance>7.5481325246909824e-07 -3.7314377977941416e-07 -5.4125833684451763e-08 -3.7314377977941416e-07 8.5338317440404457e-07 2.3096552378447389e-07 -5.4125833684451763e-08 2.3096552378447389e-07 7.3315583390442727e-07</location_covariance>
        <orientation>1</orientation>
      </camera>
      <camera id="21" sensor_id="0" component_id="0" label="IMG_1448 [22]">
        <transform>0.93502369055231238 -0.2294221420043647 0.27036305010866823 -1.5121803205270048 -0.25328462249108152 -0.96574288815025322 0.056458604275666013 -0.37802937165732947 0.24814833893355709 -0.12126893561557661 -0.96110158003157031 -0.3785724973042669 0 0 0 1</transform>
        <rotation_covariance>1.4600815468977607e-08 -9.7291544593888468e-09 6.9643940182733356e-09 -9.7291544593888451e-09 6.9934618664885501e-08 -4.8301749633567589e-08 6.9643940182733381e-09 -4.8301749633567582e-08 4.0100665341429583e-08</rotation_covariance>
        <location_covariance>8.0839917174314173e-07 -3.6182441332120179e-07 -8.0071534314163919e-08 -3.6182441332120179e-07 9.0416067081967115e-07 2.2747510926990741e-07 -8.0071534314163919e-08 2.2747510926990741e-07 7.9309824927680897e-07</location_covariance>
        <orientation>1</orientation>
      </camera>
      <camera id="22" sensor_id="0" component_id="0" label="IMG_1448 [23]">
        <transform>0.94555938806217033 -0.20839725810187093 0.24997605177919757 -1.4001097486557326 -0.2290102487818787 -0.97180672886172448 0.056089104930786005 -0.39976307656066096 0.2312395934963471 -0.11028265754277444 -0.96662608378056247 -0.33877901344471917 0 0 0 1</transform>
        <rotation_covariance>1.6149795890279018e-08 -1.2305245106198943e-08 8.9200042345428253e-09 -1.2305245106198938e-08 7.8139048963073852e-08 -5.4820331148791905e-08 8.9200042345428236e-09 -5.4820331148791905e-08 4.5461328272105686e-08</rotation_covariance>
        <location_covariance>8.4058047372223444e-07 -3.460047347201478e-07 -1.1098586182598386e-07 -3.460047347201478e-07 9.2321871780210254e-07 2.20311020545744e-07 -1.1098586182598386e-07 2.20311020545744e-07 8.3935921756426766e-07</location_covariance>
        <orientation>1</orientation>
      </camera>
      <camera id="23" sensor_id="0" component_id="0" label="IMG_1448 [24]">
        <transform>0.95493371244050418 -0.18698792583705509 0.23051490284958256 -1.273324270524423 -0.2046501428043041 -0.9772867624823588 0.055035469716615382 -0.41641696509763393 0.21498819478002582 -0.099730133199081472 -0.97151118194147412 -0.31138306151725115 0 0 0 1</transform>
        <rotation_covariance>1.7920736681296549e-08 -1.5197188496948288e-08 1.1109499157340291e-08 -1.5197188496948295e-08 8.700154735493989e-08 -6.1568638758508393e-08 1.1109499157340295e-08 -6.1568638758508406e-08 5.0818107379779825e-08</rotation_covariance>
        <location_covariance>8.7314323319212441e-07 -3.3229479510449157e-07 -1.4541036621689616e-07 -3.3229479510449157e-07 9.356284072360051e-07 2.2133129749189059e-07 -1.4541036621689616e-07 2.2133129749189059e-07 9.0194425107939579e-07</location_covariance>
        <orientation>1</orientation>
      </camera>
      <camera id="24" sensor_id="0" component_id="0" label="IMG_1448 [25]">
        <transform>0.96333066605113715 -0.1650815756845353 0.21152328764224551 -1.1281359922102416 -0.18005298458400237 -0.98220340937716544 0.053454516649819539 -0.42116655056816726 0.19893453844887285 -0.089579774376718824 -0.9759100949548325 -0.30473527762992508 0 0 0 1</transform>
        <rotation_covariance>1.9966163917715882e-08 -1.8472748581048689e-08 1.3543462460568755e-08 -1.8472748581048689e-08 9.6426722708642102e-08 -6.8479381247846916e-08 1.3543462460568751e-08 -6.8479381247846902e-08 5.6196611590640351e-08</rotation_covariance>
        <location_covariance>9.0378255187081896e-07 -3.3650139466189463e-07 -1.7952350406710519e-07 -3.3650139466189463e-07 9.5283584747516137e-07 2.3677151682712361e-07 -1.7952350406710519e-07 2.3677151682712361e-07 9.8833966088118193e-07</location_covariance>
        <orientation>1</orientation>
      </camera>
      <camera id="25" sensor_id="0" component_id="0" label="IMG_1448 [26]">
        <transform>0.97103367817544251 -0.14304268354733829 0.19139588953957842 -0.96325167677311285 -0.15548402770419198 -0.98649150803588692 0.051567642005076353 -0.41673220404653571 0.18143404580715417 -0.079832920882664027 -0.98015733010848294 -0.29782461183641701 0 0 0 1</transform>
        <rotation_covariance>2.2258061222433297e-08 -2.2184273659347932e-08 1.6307006530830397e-08 -2.2184273659347929e-08 1.0681292224499423e-07 -7.6113438080375845e-08 1.6307006530830397e-08 -7.6113438080375832e-08 6.2229135782180327e-08</rotation_covariance>
        <location_covariance>9.4759984495183454e-07 -3.4906289392575613e-07 -2.1975955210113782e-07 -3.4906289392575613e-07 9.6962696025021371e-07 2.6091421068536241e-07 -2.1975955210113782e-07 2.6091421068536241e-07 1.0912679653500387e-06</location_covariance>
        <orientation>1</orientation>
      </camera>
      <camera id="26" sensor_id="0" component_id="0" label="IMG_1448 [27]">
        <transform>0.97802927636494741 -0.12065811686489024 0.17000103943116074 -0.78528796689405644 -0.13083656600562951 -0.99014439323223324 0.049958718424596538 -0.41279016299364968 0.16229765115032041 -0.07110344144548858 -0.98417669808103903 -0.30897622282786769 0 0 0 1</transform>
        <rotation_covariance>2.5422133045636074e-08 -2.66376237554052e-08 1.974807264579689e-08 -2.6637623755405197e-08 1.1795764514962691e-07 -8.4424010283299247e-08 1.974807264579689e-08 -8.4424010283299234e-08 6.8989532272016274e-08</rotation_covariance>
        <location_covariance>1.0014794001556619e-06 -3.6586526401541442e-07 -2.5760079539409823e-07 -3.6586526401541442e-07 1.0002854000804475e-06 3.086810483989598e-07 -2.5760079539409823e-07 3.086810483989598e-07 1.2180663430272279e-06</location_covariance>
        <orientation>1</orientation>
      </camera>
      <camera id="27" sensor_id="0" component_id="0" label="IMG_1448 [28]">
        <transform>0.98398209699773154 -0.098063715643962282 0.14887155692759624 -0.59116453673883695 -0.10618343760352526 -0.99320698655596096 0.047591589962144125 -0.40772325799877407 0.14319326229486037 -0.062636966166367589 -0.98771063581538299 -0.32899510359151984 0 0 0 1</transform>
        <rotation_covariance>2.8785124706085112e-08 -3.1765502587822867e-08 2.3597633024555574e-08 -3.1765502587822861e-08 1.2971445232142594e-07 -9.3023191223653746e-08 2.3597633024555571e-08 -9.3023191223653733e-08 7.5790875782378357e-08</rotation_covariance>
        <location_covariance>1.0293905646044428e-06 -3.989174200747796e-07 -2.9933162915936369e-07 -3.989174200747796e-07 1.0376282725686139e-06 3.6814392215204411e-07 -2.9933162915936369e-07 3.6814392215204411e-07 1.3738737396104425e-06</location_covariance>
        <orientation>1</orientation>
      </camera>
      <camera id="28" sensor_id="0" component_id="0" label="IMG_1448 [29]">
        <transform>0.98888478358261178 -0.075523326528256524 0.12807463429140586 -0.38073785414980932 -0.081848707316733549 -0.99563470295695666 0.044858972105829925 -0.41693345920739616 0.12412765167097423 -0.05484309817942748 -0.99074949440952587 -0.33839858204328127 0 0 0 1</transform>
        <rotation_covariance>3.3004255936437388e-08 -3.7426786126002629e-08 2.7849793592485952e-08 -3.7426786126002622e-08 1.4226348870733594e-07 -1.0174398062942087e-07 2.7849793592485946e-08 -1.0174398062942087e-07 8.2567942774766138e-08</rotation_covariance>
        <location_covariance>1.0637574259255308e-06 -4.2970197949237122e-07 -3.3098726125047801e-07 -4.2970197949237122e-07 1.1138262938002579e-06 4.418642965381702e-07 -3.3098726125047801e-07 4.418642965381702e-07 1.5792247973556364e-06</location_covariance>
        <orientation>1</orientation>
      </camera>
      <camera id="29" sensor_id="0" component_id="0" label="IMG_1448 [30]">
        <transform>0.99269643332583568 -0.053254477390757185 0.10824856534846851 -0.18283188406060943 -0.05810648885437069 -0.99741924709480578 0.042172046166239763 -0.42372661879383261 0.10572335226988033 -0.048153983871201067 -0.99322895981850579 -0.33086674700837382 0 0 0 1</transform>
        <rotation_covariance>3.724317382491829e-08 -4.3485037742090664e-08 3.2350322975668259e-08 -4.3485037742090658e-08 1.5450157510745265e-07 -1.1033368702924784e-07 3.2350322975668259e-08 -1.1033368702924784e-07 8.9209191896396485e-08</rotation_covariance>
        <location_covariance>1.0914406716394479e-06 -4.5552762456712828e-07 -3.7194628406935973e-07 -4.5552762456712828e-07 1.1834090918440216e-06 5.0738240370903859e-07 -3.7194628406935973e-07 5.0738240370903859e-07 1.7829929242509903e-06</location_covariance>
        <orientation>1</orientation>
      </camera>
      <camera id="30" sensor_id="0" component_id="0" label="IMG_1448 [31]">
        <transform>0.99555296262433646 -0.030816391629419352 0.089020495487546591 -0.0035166860194954198 -0.034511091729445754 -0.99859278423706366 0.040267056228527054 -0.42022647183282946 0.087654339068569967 -0.043160181610042037 -0.99521551212078707 -0.30508614604968015 0 0 0 1</transform>
        <rotation_covariance>4.2245076873599676e-08 -5.0060516122980984e-08 3.7247626845027951e-08 -5.0060516122980984e-08 1.6667230857232595e-07 -1.1907917576371638e-07 3.7247626845027951e-08 -1.1907917576371637e-07 9.6085345693568164e-08</rotation_covariance>
        <location_covariance>1.1301595436262096e-06 -4.8655845941946449e-07 -4.1824631491570297e-07 -4.8655845941946449e-07 1.2621401973208914e-06 5.7568375539884451e-07 -4.1824631491570297e-07 5.7568375539884451e-07 1.9658044335174649e-06</location_covariance>
        <orientation>1</orientation>
      </camera>
      <camera id="31" sensor_id="0" component_id="0" label="IMG_1448 [32]">
        <transform>0.99753433257967905 -0.0085844153210469874 0.069653163161555523 0.16492639460321354 -0.011196058662098326 -0.9992454305369074 0.037191636446193194 -0.42543775043978355 0.069281336557902473 -0.037879775140657129 -0.99687773525144208 -0.29217895018377604 0 0 0 1</transform>
        <rotation_covariance>4.7117089224100436e-08 -5.6794153628074928e-08 4.2287260835111134e-08 -5.6794153628074915e-08 1.7808156340399405e-07 -1.2745409287043288e-07 4.2287260835111128e-08 -1.2745409287043285e-07 1.0263321548906484e-07</rotation_covariance>
        <location_covariance>1.1322845469239539e-06 -4.9671897186471586e-07 -4.609603083530405e-07 -4.9671897186471586e-07 1.3227545465484012e-06 6.2606463480192978e-07 -4.609603083530405e-07 6.2606463480192978e-07 2.1621416901888306e-06</location_covariance>
        <orientation>1</orientation>
      </camera>
      <camera id="32" sensor_id="0" component_id="0" label="IMG_1448 [33]">
        <transform>0.99862514904892175 0.014254380636605937 0.050444269443474868 0.31606857415210599 0.012473010654706913 -0.99929347197927865 0.035453925943494898 -0.43441714221652078 0.050914002909088832 -0.034775990169454651 -0.99809738744047782 -0.26422138043878829 0 0 0 1</transform>
        <rotation_covariance>5.2455395200724368e-08 -6.4029777249598319e-08 4.7833353454750932e-08 -6.4029777249598345e-08 1.8946408880333106e-07 -1.3606470575070181e-07 4.7833353454750932e-08 -1.3606470575070178e-07 1.096694174766564e-07</rotation_covariance>
        <location_covariance>1.1647758180437753e-06 -5.0688712313392952e-07 -5.11852233151751e-07 -5.0688712313392952e-07 1.3803806739860086e-06 6.6598586960632677e-07 -5.11852233151751e-07 6.6598586960632677e-07 2.3367260132342624e-06</location_covariance>
        <orientation>1</orientation>
      </camera>
      <camera id="33" sensor_id="0" component_id="0" label="IMG_1448 [34]">
        <transform>0.99884945665044156 0.037139832417756244 0.030338025596566939 0.46735803834974243 0.036120702703566279 -0.99878656176402503 0.03347684088737779 -0.44969216959875669 0.03154453653673716 -0.032342493527544092 -0.99897893137298122 -0.22532517634945631 0 0 0 1</transform>
        <rotation_covariance>5.8378366629480852e-08 -7.1945368947869836e-08 5.392420511554963e-08 -7.1945368947869849e-08 2.0114380183882198e-07 -1.4502286789655286e-07 5.392420511554963e-08 -1.4502286789655286e-07 1.1706904242894629e-07</rotation_covariance>
        <location_covariance>1.2080153602446571e-06 -5.159771481516438e-07 -5.7307005940872525e-07 -5.159771481516438e-07 1.4316138115916563e-06 6.9092253543823148e-07 -5.7307005940872525e-07 6.9092253543823148e-07 2.5221632556460553e-06</location_covariance>
        <orientation>1</orientation>
      </camera>
      <camera id="34" sensor_id="0" component_id="0" label="IMG_1448 [35]">
        <transform>0.99816944709931388 0.059957144575348072 0.0079306804135102649 0.63129152222134188 0.059680893064985356 -0.99772356857888922 0.03139859399992545 -0.45993427001459958 0.0097951968033423448 -0.03086780712291004 -0.99947547874022724 -0.18119819651840555 0 0 0 1</transform>
        <rotation_covariance>6.5210229904329415e-08 -8.0814158226938975e-08 6.0975979342353333e-08 -8.0814158226938975e-08 2.1329062805330315e-07 -1.5483028602522255e-07 6.0975979342353333e-08 -1.5483028602522252e-07 1.2553844847887466e-07</rotation_covariance>
        <location_covariance>1.2611445132969961e-06 -5.2485443724605793e-07 -6.5530064816262156e-07 -5.2485443724605793e-07 1.4900592747588221e-06 7.1867177942058988e-07 -6.5530064816262156e-07 7.1867177942058988e-07 2.7231022148568975e-06</location_covariance>
        <orientation>1</orientation>
      </camera>
      <camera id="35" sensor_id="0" component_id="0" label="IMG_1448 [36]">
        <transform>0.99642499416554386 0.082949387586511894 -0.016019678561637316 0.82207577973785984 0.083393315871161763 -0.99608349733220547 0.029380626447608638 -0.47091084392508253 -0.013519832477076247 -0.030611524651083633 -0.99943991749795935 -0.1270525509930969 0 0 0 1</transform>
        <rotation_covariance>7.3141787426939918e-08 -9.0863686384111003e-08 6.9160799448270448e-08 -9.0863686384111003e-08 2.2603005205109612e-07 -1.6537782003516025e-07 6.9160799448270448e-08 -1.6537782003516025e-07 1.349575492641424e-07</rotation_covariance>
        <location_covariance>1.315698780245514e-06 -5.4400161583968391e-07 -7.5197143170135618e-07 -5.4400161583968391e-07 1.5617662738560629e-06 7.5609144448791918e-07 -7.5197143170135618e-07 7.5609144448791918e-07 2.9677167038782411e-06</location_covariance>
        <orientation>1</orientation>
      </camera>
      <camera id="36" sensor_id="0" component_id="0" label="IMG_1448 [37]">
        <transform>0.99362716012365926 0.10617113725281073 -0.037851767185125 1.0291911818921187 0.10725617469764692 -0.9938403013707765 0.027884912775042403 -0.46672109173252074 -0.034658038805159427 -0.031767042444783733 -0.99889422631252178 -0.066949361388887282 0 0 0 1</transform>
        <rotation_covariance>8.1754724454547801e-08 -1.0123790165367931e-07 7.7584062667754177e-08 -1.0123790165367933e-07 2.3848633378368796e-07 -1.7541510444791014e-07 7.7584062667754177e-08 -1.7541510444791017e-07 1.4381974615267576e-07</rotation_covariance>
        <location_covariance>1.3611976445941016e-06 -5.8009962279106013e-07 -8.4033461548118112e-07 -5.8009962279106013e-07 1.6527308013222036e-06 8.3358135690305547e-07 -8.4033461548118112e-07 8.3358135690305547e-07 3.2448350142512588e-06</location_covariance>
        <orientation>1</orientation>
      </camera>
      <camera id="37" sensor_id="0" component_id="0" label="IMG_1448 [38]">
        <transform>0.98990071727672779 0.1294623354878662 -0.05775875366597448 1.2611215893819907 0.13116536498285974 -0.99100027016248016 0.026722865991561789 -0.46937014115296555 -0.053779335845032028 -0.034028932218289371 -0.99797285274107039 -0.0043046797085074893 0 0 0 1</transform>
        <rotation_covariance>9.1044853816276614e-08 -1.1191011124298857e-07 8.6191483230134589e-08 -1.1191011124298856e-07 2.5085933231317452e-07 -1.849416656401719e-07 8.6191483230134589e-08 -1.8494166564017185e-07 1.5204402276692841e-07</rotation_covariance>
        <location_covariance>1.3750423564686081e-06 -6.137485937646154e-07 -9.0043700502026174e-07 -6.137485937646154e-07 1.7609034046315734e-06 9.3584477486119153e-07 -9.0043700502026174e-07 9.3584477486119153e-07 3.5850172254350794e-06</location_covariance>
        <orientation>1</orientation>
      </camera>
      <camera id="38" sensor_id="0" component_id="0" label="IMG_1448 [39]">
        <transform>0.98530770097524534 0.15279655208411738 -0.076301691135134048 1.5046677108097808 0.15508944196591481 -0.98758271085868699 0.025053027835130665 -0.48071585313241838 -0.071526214701862545 -0.036518527957904931 -0.99676998235611558 0.058093602808192465 0 0 0 1</transform>
        <rotation_covariance>1.0101044524023817e-07 -1.2286967186725195e-07 9.4817944230530556e-08 -1.2286967186725198e-07 2.6319354870752691e-07 -1.9401160926551483e-07 9.4817944230530556e-08 -1.940116092655148e-07 1.5961794615401659e-07</rotation_covariance>
        <location_covariance>1.3703483638393597e-06 -6.3789569294274005e-07 -9.3061385917383765e-07 -6.3789569294274005e-07 1.8845653801423063e-06 1.0404421981905509e-06 -9.3061385917383765e-07 1.0404421981905509e-06 3.9906784237166889e-06</location_covariance>
        <orientation>1</orientation>
      </camera>
      <camera id="39" sensor_id="0" component_id="0" label="IMG_1448 [40]">
        <transform>0.97975368750114256 0.1761508495634839 -0.095150354838941686 1.7302178110303963 0.17909608020975318 -0.98355593527796481 0.023287684148275478 -0.47551151291324206 -0.089483550898560721 -0.039857249999856237 -0.99519048113465869 0.10653205217603826 0 0 0 1</transform>
        <rotation_covariance>1.1175123936784563e-07 -1.3413107888893965e-07 1.0398490683155455e-07 -1.3413107888893965e-07 2.7483789420961967e-07 -2.0307749534548826e-07 1.0398490683155454e-07 -2.0307749534548828e-07 1.6744923606528333e-07</rotation_covariance>
