hsrb_head_rgbd_sensor_rgb_image_raw-1567880805-512897007.png: 1567880805.512897
hsrb_head_rgbd_sensor_rgb_image_raw-1567880856-19078009.png: 1567880856.019078
