- file_name: hsrb_head_rgbd_sensor_rgb_image_raw-1567880805-512897007.png
  id: 0
  origin_frame: /map
  rotation:
    w: 0.4523504028200802
    x: -0.8828482836253264
    y: 0.10970189831426316
    z: -0.06263796512157788
  target_frame: /head_rgbd_sensor_rgb_frame
  timestamp: 1567880805.512897
  translation:
    x: -0.18169051867545033
    y: 1.0655983047670659
    z: 1.089759508611467
- file_name: hsrb_head_rgbd_sensor_rgb_image_raw-1567880856-19078009.png
  id: 1
  origin_frame: /map
  rotation:
    w: 0.4549590072344173
    x: -0.8851447465732946
    y: -0.08928798724617576
    z: 0.03948081411897447
  target_frame: /head_rgbd_sensor_rgb_frame
  timestamp: 1567880856.019078
  translation:
    x: 1.703887598820018
    y: 0.978496984216805
    z: 1.089760028084224

