hsrb_head_rgbd_sensor_rgb_image_raw-1567880809-567333214.png: 1567880809.5673332
hsrb_head_rgbd_sensor_rgb_image_raw-1567880810-372160427.png: 1567880810.3721604
hsrb_head_rgbd_sensor_rgb_image_raw-1567880851-897504084.png: 1567880851.897504
hsrb_head_rgbd_sensor_rgb_image_raw-1567880855-483176224.png: 1567880855.4831762
