hsrb_head_rgbd_sensor_rgb_image_raw-1567876074-222568027.png: 1567876074.222568
hsrb_head_rgbd_sensor_rgb_image_raw-1567876083-204559557.png: 1567876083.2045596
hsrb_head_rgbd_sensor_rgb_image_raw-1567876095-638634197.png: 1567876095.6386342
hsrb_head_rgbd_sensor_rgb_image_raw-1567876103-78518621.png: 1567876103.0785186
hsrb_head_rgbd_sensor_rgb_image_raw-1567876114-507325880.png: 1567876114.507326
hsrb_head_rgbd_sensor_rgb_image_raw-1567876144-837799541.png: 1567876144.8377995
