hsrb_head_rgbd_sensor_rgb_image_raw-1567960165-265784971.png: 1567960165.265785
hsrb_head_rgbd_sensor_rgb_image_raw-1567960166-707185738.png: 1567960166.7071857
hsrb_head_rgbd_sensor_rgb_image_raw-1567960176-292389385.png: 1567960176.2923894
hsrb_head_rgbd_sensor_rgb_image_raw-1567960185-341629021.png: 1567960185.341629
hsrb_head_rgbd_sensor_rgb_image_raw-1567960195-27091019.png: 1567960195.027091
hsrb_head_rgbd_sensor_rgb_image_raw-1567960202-970653049.png: 1567960202.970653
