hsrb_head_rgbd_sensor_rgb_image_raw-1564427244-122206919.png: 1564427244.122207
hsrb_head_rgbd_sensor_rgb_image_raw-1564427255-316546432.png: 1564427255.3165464
hsrb_head_rgbd_sensor_rgb_image_raw-1564427273-850078575.png: 1564427273.8500786
hsrb_head_rgbd_sensor_rgb_image_raw-1564427335-181428186.png: 1564427335.1814282
hsrb_head_rgbd_sensor_rgb_image_raw-1564427395-106586210.png: 1564427395.1065862
hsrb_head_rgbd_sensor_rgb_image_raw-1564427414-611386530.png: 1564427414.6113865
hsrb_head_rgbd_sensor_rgb_image_raw-1564427422-588969461.png: 1564427422.5889695
hsrb_head_rgbd_sensor_rgb_image_raw-1564427450-573727600.png: 1564427450.5737276
