hsrb_head_rgbd_sensor_rgb_image_raw-1564425995-92343561.png: 1564425995.0923436
hsrb_head_rgbd_sensor_rgb_image_raw-1564426006-51796906.png: 1564426006.051797
hsrb_head_rgbd_sensor_rgb_image_raw-1564426025-691950075.png: 1564426025.69195
hsrb_head_rgbd_sensor_rgb_image_raw-1564426087-358609192.png: 1564426087.3586092
hsrb_head_rgbd_sensor_rgb_image_raw-1564426147-250155203.png: 1564426147.2501552
hsrb_head_rgbd_sensor_rgb_image_raw-1564426159-650024168.png: 1564426159.6500242
hsrb_head_rgbd_sensor_rgb_image_raw-1564426172-620144836.png: 1564426172.6201448
hsrb_head_rgbd_sensor_rgb_image_raw-1564426201-443184368.png: 1564426201.4431844
