hsrb_head_rgbd_sensor_rgb_image_raw-1567874700-817738287.png: 1567874700.8177383
hsrb_head_rgbd_sensor_rgb_image_raw-1567874710-671371691.png: 1567874710.6713717
hsrb_head_rgbd_sensor_rgb_image_raw-1567874720-691923372.png: 1567874720.6919234
hsrb_head_rgbd_sensor_rgb_image_raw-1567874730-545509092.png: 1567874730.545509
hsrb_head_rgbd_sensor_rgb_image_raw-1567874741-1908533.png: 1567874741.0019085
hsrb_head_rgbd_sensor_rgb_image_raw-1567874770-126611225.png: 1567874770.1266112
