hsrb_head_rgbd_sensor_rgb_image_raw-1564428048-712017767.png: 1564428048.7120178
hsrb_head_rgbd_sensor_rgb_image_raw-1564428059-671502583.png: 1564428059.6715026
hsrb_head_rgbd_sensor_rgb_image_raw-1564428078-741029255.png: 1564428078.7410293
hsrb_head_rgbd_sensor_rgb_image_raw-1564428139-805332415.png: 1564428139.8053324
hsrb_head_rgbd_sensor_rgb_image_raw-1564428199-461302988.png: 1564428199.461303
hsrb_head_rgbd_sensor_rgb_image_raw-1564428216-956363670.png: 1564428216.9563637
hsrb_head_rgbd_sensor_rgb_image_raw-1564428225-736818783.png: 1564428225.7368188
hsrb_head_rgbd_sensor_rgb_image_raw-1564428254-526561968.png: 1564428254.526562
