hsrb_head_rgbd_sensor_rgb_image_raw-1567879843-569305174.png: 1567879843.5693052
hsrb_head_rgbd_sensor_rgb_image_raw-1567879894-9217255.png: 1567879894.0092173
