hsrb_head_rgbd_sensor_rgb_image_raw-1567879848-463321678.png: 1567879848.4633217
hsrb_head_rgbd_sensor_rgb_image_raw-1567879852-518371336.png: 1567879852.5183713
hsrb_head_rgbd_sensor_rgb_image_raw-1567879885-329181902.png: 1567879885.329182
hsrb_head_rgbd_sensor_rgb_image_raw-1567879890-926007502.png: 1567879890.9260075
