hsrb_head_rgbd_sensor_rgb_image_raw-1567959982-543621056.png: 1567959982.543621
hsrb_head_rgbd_sensor_rgb_image_raw-1567959983-649674885.png: 1567959983.649675
hsrb_head_rgbd_sensor_rgb_image_raw-1567959992-698453896.png: 1567959992.698454
hsrb_head_rgbd_sensor_rgb_image_raw-1567960002-115745060.png: 1567960002.115745
hsrb_head_rgbd_sensor_rgb_image_raw-1567960011-500149958.png: 1567960011.50015
hsrb_head_rgbd_sensor_rgb_image_raw-1567960020-46848289.png: 1567960020.0468483
