hsrb_head_rgbd_sensor_rgb_image_raw-1567959408-233589165.png: 1567959408.2335892
hsrb_head_rgbd_sensor_rgb_image_raw-1567959410-243790619.png: 1567959410.2437906
hsrb_head_rgbd_sensor_rgb_image_raw-1567959419-594585888.png: 1567959419.594586
hsrb_head_rgbd_sensor_rgb_image_raw-1567959429-145834200.png: 1567959429.1458342
hsrb_head_rgbd_sensor_rgb_image_raw-1567959438-295661442.png: 1567959438.2956614
hsrb_head_rgbd_sensor_rgb_image_raw-1567959446-640933268.png: 1567959446.6409333
