hsrb_head_rgbd_sensor_rgb_image_raw-1564426374-714882605.png: 1564426374.7148826
hsrb_head_rgbd_sensor_rgb_image_raw-1564426385-171201221.png: 1564426385.1712012
hsrb_head_rgbd_sensor_rgb_image_raw-1564426405-414487593.png: 1564426405.4144876
hsrb_head_rgbd_sensor_rgb_image_raw-1564426460-747238152.png: 1564426460.7472382
hsrb_head_rgbd_sensor_rgb_image_raw-1564426526-536658518.png: 1564426526.5366585
hsrb_head_rgbd_sensor_rgb_image_raw-1564426539-440005772.png: 1564426539.4400058
hsrb_head_rgbd_sensor_rgb_image_raw-1564426552-209107630.png: 1564426552.2091076
hsrb_head_rgbd_sensor_rgb_image_raw-1564426581-501404516.png: 1564426581.5014045
