hsrb_head_rgbd_sensor_rgb_image_raw-1567959571-383424513.png: 1567959571.3834245
hsrb_head_rgbd_sensor_rgb_image_raw-1567959573-997666590.png: 1567959573.9976666
hsrb_head_rgbd_sensor_rgb_image_raw-1567959583-683614962.png: 1567959583.683615
hsrb_head_rgbd_sensor_rgb_image_raw-1567959592-597908728.png: 1567959592.5979087
hsrb_head_rgbd_sensor_rgb_image_raw-1567959599-703485958.png: 1567959599.703486
hsrb_head_rgbd_sensor_rgb_image_raw-1567959610-394485228.png: 1567959610.3944852
