hsrb_head_rgbd_sensor_rgb_image_raw-1567959819-393519394.png: 1567959819.3935194
hsrb_head_rgbd_sensor_rgb_image_raw-1567959821-303915016.png: 1567959821.303915
hsrb_head_rgbd_sensor_rgb_image_raw-1567959830-755065910.png: 1567959830.755066
hsrb_head_rgbd_sensor_rgb_image_raw-1567959839-904836885.png: 1567959839.904837
hsrb_head_rgbd_sensor_rgb_image_raw-1567959847-344450228.png: 1567959847.3444502
hsrb_head_rgbd_sensor_rgb_image_raw-1567959857-801119797.png: 1567959857.8011198
