hsrb_head_rgbd_sensor_rgb_image_raw-1567880062-488732569.png: 1567880062.4887326
hsrb_head_rgbd_sensor_rgb_image_raw-1567880067-146791689.png: 1567880067.1467917
hsrb_head_rgbd_sensor_rgb_image_raw-1567880100-628837578.png: 1567880100.6288376
hsrb_head_rgbd_sensor_rgb_image_raw-1567880107-432143442.png: 1567880107.4321434
