hsrb_head_rgbd_sensor_rgb_image_raw-1567880058-400011293.png: 1567880058.4000113
hsrb_head_rgbd_sensor_rgb_image_raw-1567880108-839447968.png: 1567880108.839448
