timestamp: 1567880103.345123
transformation:
  rotation:
    w: 0.45206925722659175
    x: -0.8788306858858379
    y: -0.13823962021867428
    z: 0.06465152448180499
  translation:
    x: 1.426762749609502
    y: 0.8479168555805938
    z: 1.089759768741078
