hsrb_head_rgbd_sensor_rgb_image_raw-1568025470-552825205.png: 1568025470.5528252
hsrb_head_rgbd_sensor_rgb_image_raw-1568025480-372594587.png: 1568025480.3725946
hsrb_head_rgbd_sensor_rgb_image_raw-1568025492-370613329.png: 1568025492.3706133
hsrb_head_rgbd_sensor_rgb_image_raw-1568025501-788620703.png: 1568025501.7886207
hsrb_head_rgbd_sensor_rgb_image_raw-1568025511-205501787.png: 1568025511.2055018
hsrb_head_rgbd_sensor_rgb_image_raw-1568025541-838858358.png: 1568025541.8388584
