hsrb_head_rgbd_sensor_rgb_image_raw-1567875719-166116707.png: 1567875719.1661167
hsrb_head_rgbd_sensor_rgb_image_raw-1567875731-566580288.png: 1567875731.5665803
hsrb_head_rgbd_sensor_rgb_image_raw-1567875741-989763729.png: 1567875741.9897637
hsrb_head_rgbd_sensor_rgb_image_raw-1567875753-217382185.png: 1567875753.2173822
hsrb_head_rgbd_sensor_rgb_image_raw-1567875763-607357256.png: 1567875763.6073573
hsrb_head_rgbd_sensor_rgb_image_raw-1567875794-272863619.png: 1567875794.2728636
