hsrb_head_rgbd_sensor_rgb_image_raw-1567960533-695186131.png: 1567960533.6951861
hsrb_head_rgbd_sensor_rgb_image_raw-1567960536-7612936.png: 1567960536.007613
hsrb_head_rgbd_sensor_rgb_image_raw-1567960545-56802265.png: 1567960545.0568023
hsrb_head_rgbd_sensor_rgb_image_raw-1567960554-474251024.png: 1567960554.474251
hsrb_head_rgbd_sensor_rgb_image_raw-1567960562-986661903.png: 1567960562.986662
hsrb_head_rgbd_sensor_rgb_image_raw-1567960572-337412588.png: 1567960572.3374126
