timestamp: 1567880103.345123
transformation:
  rotation:
    w: 0.41705106967390015
    x: -0.8965526944500163
    y: -0.13528304919720713
    z: 0.06292986539138083
  translation:
    x: 1.4447786607505417
    y: 0.8557686332280523
    z: 0.8960933323483593
