hsrb_head_rgbd_sensor_rgb_image_raw-1564426894-797411196.png: 1564426894.7974112
hsrb_head_rgbd_sensor_rgb_image_raw-1564426905-253773205.png: 1564426905.2537732
hsrb_head_rgbd_sensor_rgb_image_raw-1564426924-558740370.png: 1564426924.5587404
hsrb_head_rgbd_sensor_rgb_image_raw-1564426985-555396788.png: 1564426985.5553968
hsrb_head_rgbd_sensor_rgb_image_raw-1564427046-50116055.png: 1564427046.050116
hsrb_head_rgbd_sensor_rgb_image_raw-1564427061-432943575.png: 1564427061.4329436
hsrb_head_rgbd_sensor_rgb_image_raw-1564427071-889823429.png: 1564427071.8898234
hsrb_head_rgbd_sensor_rgb_image_raw-1564427101-47591202.png: 1564427101.0475912
