077_rubiks_cube (1): 0.707107 0.707107 0 0.311885 -0.707107 0.707107 0 1.62474 0 0 1 0.73 0 0 0 1 
025_mug (1): 0.965926 -0.258819 0 1.15966 0.258819 0.965926 0 1.56259 0 0 1 0.7 0 0 0 1 
019_pitcher_base (1): 0.629321 0.777146 0 1.40187 -0.777146 0.629321 0 1.63296 0 0 1 0.72 0 0 0 1 
001_chips_can (1): 1 0 0 2.01 0 1 0 1.86 0 0 1 0.74 0 0 0 1 
044_flat_screwdriver (1): -0.997564 0 0.0697564 0.05 0.0697564 -2.18557e-07 0.997564 1.51 1.52457e-08 1 2.18025e-07 0.75 0 0 0 1 
043_phillips_screwdriver (1): 0.997564 0 -0.0697565 0.11 0.0697565 1.31134e-07 0.997564 1.5 9.14746e-09 -1 1.30815e-07 0.76 0 0 0 1 
