hsrb_head_rgbd_sensor_rgb_image_raw-1564427692-114521019.png: 1564427692.114521
hsrb_head_rgbd_sensor_rgb_image_raw-1564427702-604463570.png: 1564427702.6044636
hsrb_head_rgbd_sensor_rgb_image_raw-1564427722-478929274.png: 1564427722.4789293
hsrb_head_rgbd_sensor_rgb_image_raw-1564427776-605620853.png: 1564427776.6056209
hsrb_head_rgbd_sensor_rgb_image_raw-1564427843-467518560.png: 1564427843.4675186
hsrb_head_rgbd_sensor_rgb_image_raw-1564427860-224727623.png: 1564427860.2247276
hsrb_head_rgbd_sensor_rgb_image_raw-1564427870-513333790.png: 1564427870.5133338
hsrb_head_rgbd_sensor_rgb_image_raw-1564427898-230497353.png: 1564427898.2304974
