hsrb_head_rgbd_sensor_rgb_image_raw-1567881044-875521891.png: 1567881044.875522
hsrb_head_rgbd_sensor_rgb_image_raw-1567881094-879408590.png: 1567881094.8794086
