hsrb_head_rgbd_sensor_rgb_image_raw-1567881047-455967180.png: 1567881047.4559672
hsrb_head_rgbd_sensor_rgb_image_raw-1567881051-880107872.png: 1567881051.8801079
hsrb_head_rgbd_sensor_rgb_image_raw-1567881088-846904747.png: 1567881088.8469048
hsrb_head_rgbd_sensor_rgb_image_raw-1567881094-745264999.png: 1567881094.745265
