hsrb_head_rgbd_sensor_rgb_image_raw-1567875027-889040462.png: 1567875027.8890405
hsrb_head_rgbd_sensor_rgb_image_raw-1567875036-904751770.png: 1567875036.9047518
hsrb_head_rgbd_sensor_rgb_image_raw-1567875048-131858103.png: 1567875048.131858
hsrb_head_rgbd_sensor_rgb_image_raw-1567875058-320517056.png: 1567875058.320517
hsrb_head_rgbd_sensor_rgb_image_raw-1567875068-743092768.png: 1567875068.7430928
hsrb_head_rgbd_sensor_rgb_image_raw-1567875096-393264286.png: 1567875096.3932643
