hsrb_head_rgbd_sensor_rgb_image_raw-1567881358-942744724.png: 1567881358.9427447
hsrb_head_rgbd_sensor_rgb_image_raw-1567881411-527930490.png: 1567881411.5279305
