hsrb_head_rgbd_sensor_rgb_image_raw-1567881361-456752293.png: 1567881361.4567523
hsrb_head_rgbd_sensor_rgb_image_raw-1567881369-868663780.png: 1567881369.8686638
hsrb_head_rgbd_sensor_rgb_image_raw-1567881400-769627087.png: 1567881400.769627
hsrb_head_rgbd_sensor_rgb_image_raw-1567881408-478163712.png: 1567881408.4781637
