hsrb_head_rgbd_sensor_rgb_image_raw-1567880440-401866428.png: 1567880440.4018664
hsrb_head_rgbd_sensor_rgb_image_raw-1567880443-987939589.png: 1567880443.9879396
hsrb_head_rgbd_sensor_rgb_image_raw-1567880481-625181906.png: 1567880481.625182
hsrb_head_rgbd_sensor_rgb_image_raw-1567880485-814556829.png: 1567880485.8145568
