hsrb_head_rgbd_sensor_rgb_image_raw-1567880437-888575308.png: 1567880437.8885753
hsrb_head_rgbd_sensor_rgb_image_raw-1567880486-551619761.png: 1567880486.5516198
