hsrb_head_rgbd_sensor_rgb_image_raw-1567875365-216057293.png: 1567875365.2160573
hsrb_head_rgbd_sensor_rgb_image_raw-1567875375-437698833.png: 1567875375.4376988
hsrb_head_rgbd_sensor_rgb_image_raw-1567875385-693199150.png: 1567875385.6931992
hsrb_head_rgbd_sensor_rgb_image_raw-1567875393-124924.png: 1567875393.000125
hsrb_head_rgbd_sensor_rgb_image_raw-1567875406-808063023.png: 1567875406.808063
hsrb_head_rgbd_sensor_rgb_image_raw-1567875435-898717396.png: 1567875435.8987174
